0 0 131.484375000000
0 0 135.468750000000
0 0 139.453125000000
0 0 143.437500000000
0 0 147.421875000000
0 0 151.406250000000
0 0 155.390625000000
0 0 159.375000000000
0 0 163.359375000000
0 0 167.343750000000
0 0 171.328125000000
0 0 175.312500000000
0 0 179.296875000000
0 0 183.281250000000
0 0 187.265625000000
0 0 191.250000000000
0 0 195.234375000000
0 0 199.218750000000
0 0 203.203125000000
0 0 207.187500000000
0 0 211.171875000000
0 0 215.156250000000
0 0 219.140625000000
0 0 223.125000000000
0 0 227.109375000000
0 0 231.093750000000
0 0 235.078125000000
0 0 239.062500000000
0 0 243.046875000000
0 0 247.031250000000
0 0 251.015625000000
0 0 255
0 3.98437500000000 255
0 7.96875000000000 255
0 11.9531250000000 255
0 15.9375000000000 255
0 19.9218750000000 255
0 23.9062500000000 255
0 27.8906250000000 255
0 31.8750000000000 255
0 35.8593750000000 255
0 39.8437500000000 255
0 43.8281250000000 255
0 47.8125000000000 255
0 51.7968750000000 255
0 55.7812500000000 255
0 59.7656250000000 255
0 63.7500000000000 255
0 67.7343750000000 255
0 71.7187500000000 255
0 75.7031250000000 255
0 79.6875000000000 255
0 83.6718750000000 255
0 87.6562500000000 255
0 91.6406250000000 255
0 95.6250000000000 255
0 99.6093750000000 255
0 103.593750000000 255
0 107.578125000000 255
0 111.562500000000 255
0 115.546875000000 255
0 119.531250000000 255
0 123.515625000000 255
0 127.500000000000 255
0 131.484375000000 255
0 135.468750000000 255
0 139.453125000000 255
0 143.437500000000 255
0 147.421875000000 255
0 151.406250000000 255
0 155.390625000000 255
0 159.375000000000 255
0 163.359375000000 255
0 167.343750000000 255
0 171.328125000000 255
0 175.312500000000 255
0 179.296875000000 255
0 183.281250000000 255
0 187.265625000000 255
0 191.250000000000 255
0 195.234375000000 255
0 199.218750000000 255
0 203.203125000000 255
0 207.187500000000 255
0 211.171875000000 255
0 215.156250000000 255
0 219.140625000000 255
0 223.125000000000 255
0 227.109375000000 255
0 231.093750000000 255
0 235.078125000000 255
0 239.062500000000 255
0 243.046875000000 255
0 247.031250000000 255
0 251.015625000000 255
0 255 255
3.98437500000000 255 251.015625000000
7.96875000000000 255 247.031250000000
11.9531250000000 255 243.046875000000
15.9375000000000 255 239.062500000000
19.9218750000000 255 235.078125000000
23.9062500000000 255 231.093750000000
27.8906250000000 255 227.109375000000
31.8750000000000 255 223.125000000000
35.8593750000000 255 219.140625000000
39.8437500000000 255 215.156250000000
43.8281250000000 255 211.171875000000
47.8125000000000 255 207.187500000000
51.7968750000000 255 203.203125000000
55.7812500000000 255 199.218750000000
59.7656250000000 255 195.234375000000
63.7500000000000 255 191.250000000000
67.7343750000000 255 187.265625000000
71.7187500000000 255 183.281250000000
75.7031250000000 255 179.296875000000
79.6875000000000 255 175.312500000000
83.6718750000000 255 171.328125000000
87.6562500000000 255 167.343750000000
91.6406250000000 255 163.359375000000
95.6250000000000 255 159.375000000000
99.6093750000000 255 155.390625000000
103.593750000000 255 151.406250000000
107.578125000000 255 147.421875000000
111.562500000000 255 143.437500000000
115.546875000000 255 139.453125000000
119.531250000000 255 135.468750000000
123.515625000000 255 131.484375000000
127.500000000000 255 127.500000000000
131.484375000000 255 123.515625000000
135.468750000000 255 119.531250000000
139.453125000000 255 115.546875000000
143.437500000000 255 111.562500000000
147.421875000000 255 107.578125000000
151.406250000000 255 103.593750000000
155.390625000000 255 99.6093750000000
159.375000000000 255 95.6250000000000
163.359375000000 255 91.6406250000000
167.343750000000 255 87.6562500000000
171.328125000000 255 83.6718750000000
175.312500000000 255 79.6875000000000
179.296875000000 255 75.7031250000000
183.281250000000 255 71.7187500000000
187.265625000000 255 67.7343750000000
191.250000000000 255 63.7500000000000
195.234375000000 255 59.7656250000000
199.218750000000 255 55.7812500000000
203.203125000000 255 51.7968750000000
207.187500000000 255 47.8125000000000
211.171875000000 255 43.8281250000000
215.156250000000 255 39.8437500000000
219.140625000000 255 35.8593750000000
223.125000000000 255 31.8750000000000
227.109375000000 255 27.8906250000000
231.093750000000 255 23.9062500000000
235.078125000000 255 19.9218750000000
239.062500000000 255 15.9375000000000
243.046875000000 255 11.9531250000000
247.031250000000 255 7.96875000000000
251.015625000000 255 3.98437500000000
255 255 0
255 251.015625000000 0
255 247.031250000000 0
255 243.046875000000 0
255 239.062500000000 0
255 235.078125000000 0
255 231.093750000000 0
255 227.109375000000 0
255 223.125000000000 0
255 219.140625000000 0
255 215.156250000000 0
255 211.171875000000 0
255 207.187500000000 0
255 203.203125000000 0
255 199.218750000000 0
255 195.234375000000 0
255 191.250000000000 0
255 187.265625000000 0
255 183.281250000000 0
255 179.296875000000 0
255 175.312500000000 0
255 171.328125000000 0
255 167.343750000000 0
255 163.359375000000 0
255 159.375000000000 0
255 155.390625000000 0
255 151.406250000000 0
255 147.421875000000 0
255 143.437500000000 0
255 139.453125000000 0
255 135.468750000000 0
255 131.484375000000 0
255 127.500000000000 0
255 123.515625000000 0
255 119.531250000000 0
255 115.546875000000 0
255 111.562500000000 0
255 107.578125000000 0
255 103.593750000000 0
255 99.6093750000000 0
255 95.6250000000000 0
255 91.6406250000000 0
255 87.6562500000000 0
255 83.6718750000000 0
255 79.6875000000000 0
255 75.7031250000000 0
255 71.7187500000000 0
255 67.7343750000000 0
255 63.7500000000000 0
255 59.7656250000000 0
255 55.7812500000000 0
255 51.7968750000000 0
255 47.8125000000000 0
255 43.8281250000000 0
255 39.8437500000000 0
255 35.8593750000000 0
255 31.8750000000000 0
255 27.8906250000000 0
255 23.9062500000000 0
255 19.9218750000000 0
255 15.9375000000000 0
255 11.9531250000000 0
255 7.96875000000000 0
255 3.98437500000000 0
255 0 0
251.015625000000 0 0
247.031250000000 0 0
243.046875000000 0 0
239.062500000000 0 0
235.078125000000 0 0
231.093750000000 0 0
227.109375000000 0 0
223.125000000000 0 0
219.140625000000 0 0
215.156250000000 0 0
211.171875000000 0 0
207.187500000000 0 0
203.203125000000 0 0
199.218750000000 0 0
195.234375000000 0 0
191.250000000000 0 0
187.265625000000 0 0
183.281250000000 0 0
179.296875000000 0 0
175.312500000000 0 0
171.328125000000 0 0
167.343750000000 0 0
163.359375000000 0 0
159.375000000000 0 0
155.390625000000 0 0
151.406250000000 0 0
147.421875000000 0 0
143.437500000000 0 0
139.453125000000 0 0
135.468750000000 0 0
131.484375000000 0 0
127.500000000000 0 0